7855
48223
3430
1675905
64092
171669
12523
3250
61461
592
4701
621
3473029
55504
964
9056
90142
599
7964
38725
6529
5544
503832166
374599
927
24776
914
3323
177
16991
7952
1046338527
9621
4419
615
73040
6584
45428
5637
4812645
38
646
3267
6608
3832
55061
347
2771
3	
813855
983576
83768
2703
356327
619
614134443
942757
1248
30745
7144
9862
255555
346
323198
6475
68535
834
6669
12689
887447
657
58913
446
313
818
7874
6331
5983
3165
482741
9149
8666
6650
108620
93830
9435111
472257
97382
488463
120909
600591
698
9612
3585
71169
547405
19513
756
96885
990
963
40785
3901
964410
3167
138
